0001  60  40  40  50  50  40
0002  80  30  40  40  50  40
0003  60  50  50  45  40  40
0004  80  30  30  55  40  60
0005  80  30  40  45  50  60
0006  40  40  40  70  50  60
0008  40  50  40  40  60  60
0009  40  40  50  50  40  40
0010  40  50  40  50  50  60
0011  60  40  40  40  40  40
0012  60  50  40  35  50  40
0013  40  30  30  45  50  60
0015  40  60  40  35  70  80
0016  60  50  40  60  40  40
0017  40  40  60  40  50  60
0018  60  40  50  50  50  60
0019  40  40  30  45  40  60
0020  60  30  50  35  40  40
0021  60  30  40  50  40  40
0022  40  40  60  45  30  40
0023  80  50  40  40  50  80
0024  40  50  50  55  50  40
0025  60  40  50  50  40  40
0026  60  60  40  45  70  40
0027  40  40  50  40  40  40
0028  40  40  40  55  40  60
0029  40  30  60  45  50  60
0030  40  40  30  45  40  60
0031  40  40  70  50  40  60
0032  80  30  50  55  50  60
0034  60  30  40  45  30  60
0035  60  30  40  65  40  40
0036  40  30  40  55  30  40
0037  60  50  50  50  40  80
0038  60  60  30  60  30  60
0039  40  50  40  55  50  80
0040  40  50  40  40  40  40
0042  40  50  60  45  40  60
0043  40  40  50  40  40  40
0044  60  40  30  55  60  60
0046  40  30  70  45  50  40
0047  60  40  40  60  40  40
0048  40  40  50  50  40  40
0049  60  30  30  50  40  60
0050  40  40  40  35  30  60
0051  40  40  50  45  30  40
0052  60  30  60  50  50  40
0053  60  50  40  55  30  40
0054  60  30  40  45  60  40
0055  60  40  40  50  50  40
0056  40  50  50  50  40  40
0057  40  60  50  55  40  40
0058  40  50  50  65  40  60
0059  40  50  40  50  40  40
0060  60  60  60  35  40  60
0061  60  40  40  50  40  60
0062  60  40  40  35  50  40
0064  40  40  40  50  40  40
0065  60  40  30  45  40  60
0066  60  50  60  40  30  40
0067  40  30  40  45  40  40
0068  80  50  80  45  30  40
0069  40  40  40  45  60  80
0070  40  50  50  50  50  60
0072  40  40  50  55  40  40
0073  60  40  40  50  40  60
0074  40  50  40  40  40  80
0075  40  30  60  40  50  40
0076  40  30  30  55  40  60
0077  40  40  40  50  40  40
0078  60  60  40  45  40  60
0079  60  50  50  60  30  40
0080  40  50  40  40  60  40
0082  80  30  50  40  50  80
0084  40  40  50  45  30  40
0085  40  30  40  45  50  40
0086  60  60  40  45  50  60
0087  40  30  50  35  40  60
0088  40  40  30  50  40  40
0089  40  50  40  50  30  40
0090  80  40  70  40  50  60
0091  40  40  30  55  50  60
0092  60  40  40  55  40  40
0093  60  30  30  50  50  60
0094  60  40  50  45  50  60
0095  60  40  50  45  40  60
0096  60  60  50  55  40  40
0097  40  40  50  50  40  40
0100  40  50  30  40  50  40
0101  40  70  50  55  30  40
0102  40  60  60  60  30  40
0103  60  40  50  55  50  60
0104  60  50  40  50  40  60
0105  40  50  30  55  50  40
0106  80  30  70  40  40  60
0107  40  40  50  40  60  40
0108  40  30  60  45  60  40
0109  40  50  40  50  50  80
0110  40  50  40  40  40  60
0111  60  40  30  50  50  60
0112  40  40  40  55  30  60
0113  60  50  40  50  30  40
0114  40  50  30  50  30  40
0115  40  40  30  45  30  60
0116  40  30  40  40  50  40
0117  40  40  50  50  50  60
0119  60  60  40  60  40  40
0120  40  40  60  45  40  60
0121  40  30  30  50  50  60
0122  40  40  70  45  30  60
0123  40  50  30  60  60  40
0126  60  50  50  50  40  80
0127  60  30  50  40  50  60
0129  60  40  50  40  40  40
0130  40  30  50  40  50  60
0131  60  60  60  45  40  40
0132  60  40  40  50  50  60
0133  80  50  70  40  30  40
0134  40  50  90  45  50  40
0135  40  50  50  45  50  80
0136  40  40  40  45  30  80
0137  40  40  40  45  50  40
0138  40  40  40  45  30  60
0139  40  40  50  40  60  40
0140  40  30  70  45  40  60
0142 100 100 100 100 100 100
0143  40  30  60  55  40  40
0144  60  40  30  50  40  40
0146  40  40  30  45  30  40
0147  60  70  30  50  40  40
0148  40  40  40  45  50  60
0149  60  40  30  50  40  40
0150  40  30  30  45  40  60
0151  40  40  60  45  40  60
0153  60  40  50  70  40  60
0155  40  70  50  40  80  40
0158  60  40  40  45  40  40
0159  60  50  30  50  50  40
0160  40  30  40  50  30  40
0162  60  40  60  55  70  40
0163  40  50  60  35  60  60
0164  60  50  40  55  50  40
0165  80  40  40  55  50  60
0166  60  60  30  60  40  60
0167  60  40  30  45  50  60
0169  60  60  30  45  50  40
0170  40  40  30  45  60  40
0171  40  40  50  50  40  40
0173  60  40  30  55  40  40
0174  40  50  40  55  50  60
0175  60  40  30  35  30  60
0176  40  80  60  45  50  60
0178 100  40  30  45  40  60
0179  60  70  40  45  50  40
0180  40  40  40  45  60  60
0181  40  40  50  40  40  60
0182  40  40  40  50  50  60
0184  40  40  30  40  40  40
0186  40  60  50  45  50  40
0187  40  30  40  45  30  60
0188  60  50  50  40  50  80
0189  60  50  40  50  50  40
0190  40  30  60  65  50  60
0191  40  60  30  50  50  40
0192  40  30  60  40  40  80
0193  40  40  60  45  30  40
0194  60  50  40  55  50  80
0195  60  60  30  40  40  80
0196  60  40  60  60  50  60
0197  60  40  60  50  40  80
0198  80  50  40  60  60  60
0199  40  30  50  40  50  60
0201  60  30  60  45  40  40
0202  40  60  50  60  40  60
0203  40  40  50  35  50  60
0205  60  60  30  45  30  40
0206  40  40  30  35  50  40
0208  60  30  40  45  60  40
0209  60  50  30  45  70  40
0211  60  40  40  55  40 100
0212  80  30  50  50  30  40
0213  40  40  50  55  60  40
0214  60  40  40  45  30  40
0215  80  60  30  45  60  40
0216  40  50  30  35  50  40
0219 100  50  50  50  40  40
0220  80  50  40  40  60  60
0221  60  60  50  55  30  40
0222  60  40  30  45  40  60
0224  60  40  60  35  40  60
0226  40  50  50  50  40  80
0227  60  50  40  60  30  40
0229  40  50  30  45  40  40
0230  60  30  50  50  60  60
0231  40  60  60  65  90  40
0233  60  30  40  40  50  60
0234  40  40  30  50  50 100
0235  40  50  40  40  30  60
0239  80  40  50  40  40  80
0240  80  60  30  45  50  40
0241  40  50  50  50  40  40
0242  60  50  50  60  30  80
0243  40  30  50  40  50  40
0245  40  50  60  45  40  60
0247  60  60  50  50  60  40
0248  60  50  30  35  40  40
0249  40  50  40  55  60  60
0250  60  40  40  50  50  60
0251  40  60  50  40  40  40
0252  40  40  30  55  40  40
0254  40  40  50  45  50  40
0255  40  50  50  55  90  60
0256  60  30  50  35  50  40
0259  80  50  50  45  40  60
0263  40  40  40  45  50  60
0264  60  40  50  55  50  60
0265  60  60  40  55  50  60
0266  60  50  40  50  30  60
0267  80  40  40  45  70  40
0272  60  50  30  55  60  40
0273  60  60  50  55  50  60
0275  40  40  30  55  40  60
0276  80  60  40  50  50  40
0277  60  40  40  50  40  60
0278  60  40  40  60  40  80
0279  60  40  60  70  50  40
0280  60  40  60  55  40  60
0281  40  50  50  60  50  40
0282  40  40  50  45  40  40
0285  60  60  60  40  40  40
0286  40  50  40  55  60  80
0287  40  40  30  55  40  60
0290  60  40  60  45  40  60
0291  80  60  60  45  70  60
0292  60  40  60  45  60  40
0293  40  50  40  50  40  40
0294  80  30  50  50  40  60
0295  40  50  60  50  30  60
0296  40  50  50  50  30  60
0297  40  40  50  50  50  60
0298  40  30  50  55  40  40
0299  40  40  40  50  50  60
0300  40  30  40  35  50  40
0301  40  50  50  40  50  60
0302  40  40  50  50  60  60
0303  60  40  50  40  40  60
0305  60  40  30  40  60  60
0307  60  40  50  40  40  40
0308  40  40  30  35  40  80
0309  40  40  60  40  40  60
0310  40  70  50  45  40  60
0311  60  40  40  40  50  40
0312  60  40  40  45  30  40
0315  60  50  60  40  30  80
0316  40  50  40  55  60  40
0317  60  40  50  45  40  40
0319  60  30  70  40  70  60
0321  40  70  60  50  50  40
0322  40  30  40  45  30  60
0324  80  40  50  50  40  40
0326  60  60  30  40  50  60
0327  40  30  30  35  80  60
0329  40  50  40  45  50  60
0330  60  50  60  45  40  80
0332  60  40  40  45  50  40
0333  40  40  30  45  50  40
0335  40  30  40  45  30  80
0336  40  50  40  55  50  60
0337  40  40  40  55  30  60
0339  40  50  50  45  40  40
0341  40  40  50  65  50  40
0345  40  50  40  55  50  60
0346  40  50  40  45  30  60
0347  60  80  40  45  40  60
0348  40  30  50  45  30  40
0349  40  40  60  35  80  40
0352  60  40  30  55  40  60
0353  40  30  50  60  30  40
0354  80  40  40  55  30  40
0357  40  30  40  45  40  60
0360  60  40  40  50  30  40
0362  40  40  50  50  30  60
0363  40  30  40  50  50  80
0365  60  40  40  50  50  60
0366  40  30  30  50  40  40
0369  40  50  40  45  50  40
0371  60  50  30  50  50  40
0374  40  40  50  50  40  40
0375  60  30  50  50  60  60
0378  60  50  40  60  40  60
0379  60  70  60  45  40  40
0380  40  40  30  45  30  40
0381  40  50  60  50  30  40
0382  40  60  40  65  40  60
0383  40  50  40  45  50  60
0384  60  50  50  50  70  80
0385  40  30  50  40  50  60
0386  80  40  50  40  50  40
0387  60  40  40  40  60  40
0388  40  40  30  45  30  80
0390  80  30  40  50  30  40
0391  40  50  30  45  40  80
0392  60  30  60  45  30  40
0393  60  40  40  40  70  40
0396  40  50  30  55  30  40
0397  40  70  60  55  30  60
0398  40  30  40  45  50  40
0399  60  40  50  60  30  60
0400  80  50  40  45  30  60
0401  60  30  40  40  50  80
0402  60  40  50  45  70  60
0404  40  40  30  50  60  60
0406  40  30  30  40  30  60
0407  60  60  30  45  50  80
0408  40  50  70  40  30  60
0410  40  50  50  50  60  40
0411 100  50  40  50  30  40
0412  40  40  60  60  50  40
0413  40  50  50  35  30  60
0415  60  40  50  50  60  40
0416  40  40  40  40  40  60
0418  60  40  60  40  50  40
0421  60  30  40  45  30  40
0422  60  30  30  50  50  40
0424  40  40  40  50  40  40
0425  40  40  50  45  50  40
0426  60  30  50  50  50  40
0427  80  60  40  55  30  60
0428  60  30  50  45  50  60
0430  60  50  40  65  60  60
0433  60  50  40  45  40  40
0434  40  40  30  50  30  40
0435  60  40  50  45  50  40
0436  60  40  40  55  50  40
0438  40  30  40  45  70  80
0439  40  60  50  60  50  80
0440  80  50  50  55  50  60
0441  60  30  60  55  40  40
0442  40  50  40  50  30  60
0443  40  40  30  55  40  40
0444  60  30  40  45  40  40
0445  40  40  70  50  40  40
0446  80  30  50  55  50  40
0449  40  40  40  50  50  80
0450  60  60  40  50  60  40
0451  80  50  40  50  30  40
0452  60  50  50  45  50  80
0453  40  30  50  55  40  40
0455  60  50  50  40  50  40
0456  80  30  40  40  40  40
0459  40  50  50  40  60  40
0460  40  60  40  50  40  40
0462  60  60  30  50  40  60
0463  60  50  30  50  50  60
0464  40  60  40  60  40  60
0465  80  50  30  40  40  60
0469  40  30  40  35  50  40
0471  60  50  40  50  50  60
0472  40  50  40  45  40  40
0474  40  50  30  45  40  40
0475  60  50  30  40  40  60
0477  40  50  30  60  40  40
0478  60  50  40  45  30  80
0480  40  30  40  60  30  60
0481  80  50  40  35  40  40
0483  40  40  50  50  30  60
0484  40  40  50  50  50  40
0485  40  40  40  45  30 100
0486  40  40  30  40  50  60
0487  40  50  30  40  50  60
0488  40  40  40  50  30  60
0490  40  60  40  55  40  40
0491  40  50  40  45  30  40
0492  80  40  30  50  40  40
0493  40  50  50  40  40  60
0494  40  40  50  45  40  40
0495  40  40  40  50  50  60
0498  40  40  30  40  30  40
0499  40  40  40  35  40  60
0500  40  70  40  50  30  60
0501  40  50  50  40  40  80
0502  40  50  40  45  50  60
0505  40  30  30  50  40  40
0506  40  60  50  35  40  40
0507  40  50  60  55  40  40
0509  60  40  60  40  40  40
0510  40  40  30  55  40  80
0511  40  30  50  55  50  80
0514  60  40  40  50  50  60
0516  60  30  50  60  60  60
0517  60  30  40  40  30  60
0520  40  30  60  50  50  40
0522  40  40  50  45  40  40
0523  60  50  50  50  40  60
0527  40  40  60  50  50  60
0528  60  60  40  40  60  60
0529  60  60  60  50  30  60
0530  60  60  60  40  40  40
0531  40  40  50  50  60  40
0532  40  40  40  45  30  80
0533  40  40  30  50  40  60
0534  40  60  40  35  40  60
0536  40  40  30  40  30  40
0540  40  40  50  45  40  40
0541  60  30  30  45  40  60
0542  40  30  40  60  40  60
0544  40  30  60  50  40  40
0545  60  40  50  55  40  60
0547  60  80  50  50  30  40
0548  60  40  50  50  50  40
0549  60  30  50  40  70  60
0551  60  40  50  45  60  40
0556  60  40  40  55  40  60
0557  40  30  40  55  50  60
0558  60  50  40  50  60  40
0559  40  60  50  40  50  80
0561  60  40  60  45  40  40
0563  60  40  50  55  50  40
0564  40  50  30  55  40  40
0565  40  60  30  50  30  40
0566  40  40  40  60  60  40
0567  40  30  60  50  50  40
0568  40  50  30  40  40  60
0572  60  80  30  50  50  40
0573  40  30  50  55  40  80
0574  40  40  40  45  40  80
0575  40  60  40  45  70  40
0576  60  30  30  50  50  40
0577  40  40  50  60  30  60
0578  80  50  50  50  30  60
0580  40  40  30  50  40  60
0581  80  30  50  55  60  40
0582  40  30  40  40  40  40
0584  40  60  40  55  40  40
0585  40  30  40  50  60  40
0586  60  30  40  40  50  80
0588  40  50  60  40  30  80
0590  80  50  60  45  40  40
0591  40  40  50  45  40  60
0592  40  40  50  40  40  60
0595  80  30  50  60  50  40
0596  60  40  40  55  50  80
0597  60  30  50  50  40  60
0598  60  30  50  50  70  40
0600  40  60  50  40  30  80
0602  40  40  60  55  50  40
0603  40  40  30  40  50  40
0604  40  40  50  55  30  40
0606  40  30  40  55  70  60
0608  40  30  50  40  30  60
0609  40  40  40  55  40  60
0610  60  50  40  45  40  60
0611  40  40  40  55  50  40
0612  40  40  40  45  60  40
0613  40  50  30  55  40  40
0614  40  30  40  40  40  40
0615  40  40  30  55  50  40
0617  40  50  50  45  30  60
0618  40  30  40  60  30  60
0620  40  40  70  60  60  60
0623  60  40  30  40  40  40
0625  40  40  50  55  40  40
0626  40  40  30  45  50  60
0627  60  70  30  60  40  60
0628  40  40  50  40  40  40
0629  60  50  50  50  40  60
0631  60  40  30  50  50  60
0632  40  40  40  55  40  60
0633  60  40  60  50  40  60
0634  40  40  40  45  30  60
0635  60  60  40  55  30  60
0636  40  40  40  40  30  40
0639  80  30  40  45  60  40
0640  60  30  50  40  50  40
0641  60  50  50  45  30  40
0642  60  40  50  35  40  60
0645  40  40  30  45  50  60
0646  80  50  40  45  50  60
0648  60  50  40  40  50  60
0649  60  40  60  65  60  40
0652  60  60  40  45  70  40
0654  40  40  60  60  50  40
0656  40  40  30  60  40  40
0658  60  60  50  40  30  40
0659  40  50  50  45  30  40
0661  60  40  70  45  50  40
0665  60  30  50  65  30  60
0666  40  50  30  50  30  60
0667  40  50  30  45  50  40
0669  40  50  30  45  50  60
0670  40  50  40  65  30  60
0671  40  70  30  50  30  40
0674  40  40  60  60  30  60
0675  40  40  30  50  40  60
0676  60  30  40  55  30  60
0677  40  50  50  60  50  80
0680  40  40  60  65  40  40
0683  40  40  40  55  50  60
0685  60  60  60  35  40  60
0686  40  40  60  45  70  60
0691  40  50  60  40  50  60
0692  60  30  50  55  40  40
0693  60  60  50  50  50  60
0694  80  50  30  45  40  60
0695  60  30  60  45  40  60
0696  40  50  40  60  40  40
0699  60  60  40  60  30  80
0700  40  50  40  45  50  80
0701  40  50  40  40  40  40
0702  60  50  40  40  60  60
0703  40  50  60  55  40  40
0704  60  40  40  45  50  60
0705  60  40  40  65  30  60
0708  60  30  40  40  70  40
0709  40  30  40  55  60  60
0710  60  30  50  55  40  60
0711  60  50  30  45  40  60
0712  40  50  40  55  30  40
0713  40  40  50  50  60  40
0716  60  30  60  60  30  80
0717  60  50  60  40  70  40
0718  60  50  40  45  40  60
0720  60  40  40  40  40  40
0721  40  40  30  50  60  40
0722  60  30  40  50  50  60
0723  40  30  50  45  60  40
0724  60  50  40  45  60  40
0725  60  70  40  45  30  80
0727  40  30  30  50  50  40
0729  60  40  50  45  30  60
0731  40  40  30  45  40  60
0733  40  30  50  35  40  40
0734  40  50  30  45  50  40
0738  40  50  30  50  40  40
0745  40  40  50  50  50  60
0747  80  40  50  55  30  80
0748  40  70  40  50  40  60
0749  80  50  40  50  40  60
0755  40  50  40  50  40  40
0756  60  40  30  45  40  60
0758  40  40  30  45  40  60
0759  40  30  30  55  40  60
0760  60  40  30  50  40  40
0761  40  30  50  45  30  60
0762  40  30  30  45  30  60
0763  40  30  50  55  30  40
0764  60  30  50  40  40  60
0765  40  40  40  60  40  40
0766  40  70  60  55  30  40
0767  40  40  30  60  50  40
0769  60  50  40  45  50  60
0770  60  60  60  40  60  40
0771  60  50  40  45  80  60
0772  40  60  50  45  50  40
0773  60  50  30  55  60 100
0774  40  30  40  65  40  80
0775  60  40  40  40  40  40
0779 100  30  60  40  40  40
0781  40  40  50  40  40  40
0783  60  30  40  55  50  60
0785  60  40  40  50  50  40
0786  60  40  50  35  50  60
0787 100  50  30  55  40  60
0788  40  40  40  50  40  40
0789  40  50  40  45  40  80
0792  40  50  70  35  60  40
0793  60  50  40  55  40  80
0794  40  50  40  40  60  40
0795  60  30  50  55  50  60
0799  60  50  30  60  30  60
0801  60  50  50  35  50  40
0802  60  50  50  50  50  40
0805  40  40  40  40  50  60
0806  40  50  50  45  30  40
0807  40  50  50  40  60  60
0808  40  40  40  40  30  60
0809  40  40  50  45  30  60
0810  40  50  40  50  30  60
0813  60  40  30  55  40  80
0814  60  40  40  40  40  40
0815  40  30  30  55  60  40
0816  60  50  60  45  40  80
0817  80  40  50  40  40  40
0820  40  40  60  50  30  80
0821  60  40  40  45  50  40
0822  60  40  50  60  50  40
0823  60  60  30  55  60  60
0825  40  60  30  55  90  40
0827  40  70  30  50  30  80
0828  40  40  30  45  30  40
0829  40  50  30  50  40  60
0830  60  30  50  55  70  40
0835  40  50  60  60  40  60
0837  60  50  40  55  30  60
0839  80  50  30  45  40  40
0840  40  60  50  45  40  40
0842  40  30  50  60  50  60
0843  80  60  30  45  40  40
0847  40  50  80  55  30  40
0848  80  50  40  40  40  40
0849  40  40  30  45  50  40
0850  60  40  40  40  30  40
0851  40  30  40  45  50  40
0852  80  60  40  40  60  40
0854  40  60  50  60  70  60
0855  60  40  30  55  60  40
0857 100  40  30  50  40  60
0858  80  50  70  45  40  60
0859  40  50  50  55  40  40
0860  40  40  40  50  70  80
0861  40  40  40  55  50  60
0863  40  40  50  50  40  60
0866  40  50  30  40  50  60
0867  40  30  40  55  40  60
0868  60  70  50  50  30  40
0869  40  50  30  45  50  40
0874  60  30  30  35  50  40
0877  40  40  30  35  50  60
0878  40  40  60  50  40  40
0879  40  40  30  50  40  60
0880  40  40  40  40  40  40
0882  60  30  30  55  30  60
0883  40  40  30  65  50  60
0885  40  30  40  55  40  40
0886  80  40  40  55  30  60
0888  60  40  50  55  40  80
0889  60  50  50  50  60  40
0890  40  40  40  50  40  60
0891  40  40  50  75  50  60
0892  60  60  30  45  60  60
0893  40  70  60  45  40  60
0894  80  60  50  35  30  60
0895  60  40  40  45  30  40
0896  40  60  50  60  50  60
0898  40  50  50  65  60  80
0899  60  30  50  55  60  60
0900  40  40  50  35  50  40
0901  60  40  40  45  40  60
0904  40  30  40  55  40  80
0905  60  50  30  35  30  40
0907  60  60  30  40  50  60
0908  60  60  50  45  60  40
0909  60  50  30  45  40  40
0910  60  60  30  50  60  40
0911  60  60  70  65  30  40
0912  40  50  50  45  40  40
0913  40  70  40  50  50  40
0915  60  30  60  45  50  40
0917  40  40  30  50  40  60
0919  40  40  40  50  40  40
0920  40  40  40  65  50  40
0921  40  40  50  50  40  60
0923  40  30  40  40  40  40
0925  60  50  40  50  40  60
0929  60  50  40  50  40  60
0932  40  50  40  45  60  60
0934  60  60  60  40  50  40
0935  60  60  40  45  30  40
0936  40  40  30  55  40  40
0939  60  50  60  50  40  40
0941  40  40  50  65  40  40
0944  80  40  30  50  40  60
0945  60  50  30  50  40  40
0946  60  40  40  35  40  40
0948  40  70  30  40  40  40
0949  80  50  40  55  50  40
0950  40  40  50  50  50  60
0951  40  40  40  50  50  60
0952  40  40  40  40  60  40
0953  60  30  40  45  30  40
0955  60  50  40  45  30  60
0957  40  70  40  45  40  60
0960  60  40  60  45  60  60
0961  60  50  30  50  40  40
0962  60  30  30  55  40  60
0964  60  50  50  55  30  40
0965  60  50  30  40  40  80
0966  40  50  30  60  50  40
0969  40  80  50  50  30  40
0971  40  70  30  40  40  60
0973  40  40  40  60  60  40
0974  40  40  40  45  30  40
0975  40  50  40  60  50  40
0978  40  50  50  60  60  40
0979  80  30  40  45  60  60
0980  40  40  60  50  30  40
0981  80  30  70  45  30  40
0983  60  40  40  35  40  40
0984  40  40  50  45  50  40
0985  60  50  50  40  60  60
0986  60  50  60  45  30  80
0987  60  50  30  50  40  60
0989  40  40  30  35  60  40
0990  40  60  40  45  40  60
0991  60  50  60  45  70  40
0993  60  40  50  45  30  80
0994  40  40  50  45  60  60
0997  40  40  40  45  40  60
0998  40  50  40  45  50  40
0999  60  40  50  50  40  40
1000  40  50  40  50  50  40
1001  40  30  40  45  40  60
1002  60  40  60  45  60  60
1005  60  50  40  50  30  80
1008  40  40  30  40  50  60
1009  60  50  40  40  50  60
1010  40  40  60  50  50  40
1011  60  50  30  40  30  40
1013  60  40  30  45  40  60
1014  80  50  40  40  30  60
1015  40  40  30  45  40  60
1017  40  40  40  50  50  60
1021  60  40  40  50  70  60
1022  40  30  60  40  40  40
1023  60  40  40  50  40  60
1024  60  40  60  45  40  60
1025  40  40  40  55  50  60
1028  60  30  30  40  50  60
1029  60  30  50  40  50  40
1030  40  30  60  55  50  40
1031  60  30  50  40  30  80
1033  40  50  40  50  40  40
1034  80  40  50  55  40  80
1035  40  40  30  55  60 100
1036  40  50  50  45  40  80
1040  60  40  30  35  40  60
1042  40  50  50  45  30  60
1043  60  40  40  45  40  60
1044  40  50  40  60  60  40
1045  60  60  60  40  40  60
1046  60  40  40  50  30  40
1047  60  40  40  35  50  60
1048  40  40  70  50  40  80
1049  60  40  30  55  50  40
1051  40  60  40  45  50  40
1052  60  40  30  45  60  60
1054  40  50  60  65  50  80
1055  40  40  40  50  40  40
1056  60  50  60  60  40  40
1058  80  40  50  45  50  40
1060  60  30  30  45  50  40
1062  60  50  30  45  40  40
1064  40  50  50  50  30  60
1065  40  40  50  40  60  80
1066  80  50  40  45  50  40
1068  60  30  30  35  60  40
1069  60  60  30  40  50  60
1070  60  40  40  45  30  40
1071  40  40  40  50  70  60
1072  60  40  40  55  40  40
1073  60  40  50  45  30  40
1075  40  50  40  50  40  80
1076  40  50  40  55  30  40
1077  80  40  40  45  30  60
1078  40  30  40  60  50  80
1079  40  60  40  50  50  60
1081  40  50  30  45  40  60
1082  40  60  70  45  70  40
1083  60  40  30  45  40  40
1084  60  40  60  40  50  60
1087  40  50  30  40  40  40
1088  40  30  50  45  40  40
1089  40  50  40  50  30  40
1090  60  50  60  55  40  40
1093  40  70  40  45  40  60
1096  40  50  40  50  50  60
1097  40  40  40  45  50  40
1098  40  40  50  45  40  60
1099  40  40  40  65  50  40
1100  60  50  60  45  60  40
1102  40  40  50  50  40  80
1105  60  50  40  45  60  40
1106  60  30  30  45  40  60
1107  40  40  40  50  40  40
1109  40  50  60  55  50  60
1110  60  60  50  40  40  60
1112  40  30  50  50  50  40
1113  60  50  30  50  50  60
1115  60  60  40  50  40  40
1116  60  60  40  55  50  60
1117  40  40  50  50  30  60
1119  60  30  30  55  60  60
1122  40  60  50  50  40  60
1123  40  50  30  55  50  40
1125  60  30  50  50  40  40
1126  60  70  60  55  50  60
1128  80  40  40  50  30  40
1130  40  40  30  40  50  60
1132  60  30  40  55  30  80
1133  40  50  60  50  30  60
1137  40  50  30  55  60  80
1138  40  40  50  45  40  40
1139  80  50  50  55  50  40
1141  60  30  50  45  40  80
1142  60  40  50  40  30  40
1143  80  50  40  40  30  60
1145  60  50  40  60  40  60
1147  60  30  40  50  40  60
1151  40  50  50  45  40  40
1153  40  40  40  40  30  60
1157  80  50  70  40  50  60
1158  40  40  50  45  40  40
1161  60  40  70  45  50  60
1162  60  50  40  50  40  60
1164  40  60  70  45  30  40
1166  40  50  40  50  40  40
1169  40  30  30  50  40  40
1170  60  50  40  55  60  40
1171  40  40  60  40  40  40
1172  40  40  60  40  50  60
1173  60  50  30  40  50  80
1174  60  40  60  45  60  40
1176  40  60  40  45  30  40
1178  40  30  30  50  40  40
1179  40  30  30  40  40  60
1181  40  40  40  45  30  40
1182  40  30  60  50  50  40
1183  60  40  60  45  40  80
1185  40  60  40  45  60  80
1186  60  30  30  45  40  40
1187  40  30  50  50  50  60
1190  80  40  30  60  30  80
1192  40  50  50  50  40  60
1193  60  40  60  60  40  40
1194  60  60  70  40  50  80
1195  60  30  50  55  40  40
1196  40  40  30  45  50  60
1197  60  30  40  50  40  60
1199  40  40  40  55  30  40
1200  60  40  40  45  40  60
1202  60  40  30  50  40  40
1203  40  50  40  45  40  60
1205  40  30  30  40  30 100
1206  80  40  50  50  40  60
1208  60  30  40  40  40  40
1209  60  40  50  40  30  40
1210  60  50  40  65  50  60
1211  60  50  50  50  30  40
1212  40  50  60  60  40  40
1213  40  40  50  45  30  80
1214  60  40  50  50  50  60
1215  40  30  30  55  50  40
1217  40  50  50  50  50  40
1218  80  50  30  50  70  40
1219  40  40  30  40  40  40
1220  40  40  30  55  50  60
1222  40  60  60  50  30  40
1223  60  30  50  60  40  40
1229  60  40  50  50  50  40
1230  60  40  30  45  40  40
1232  40  30  40  45  30  60
1233  60  60  40  40  40  40
1234  60  40  60  55  40  60
1236  60  30  60  55  30  80
1238  40  40  30  45  50  60
1239  40  70  50  45  50  40
1241  80  30  60  55  40  60
1242  40  40  40  40  50  40
1243  40  40  50  35  40  60
1244  40  40  40  55  40  40
1245  60  30  30  45  40  80
1247  60  60  50  40  40  60
1249  40  50  30  55  50  40
1253  60  50  40  55  40  60
1255  60  30  60  35  50  40
1257  40  40  60  45  50  40
1258  40  40  50  45  40  40
1261  40  30  30  45  40  40
1262  40  50  50  60  40  60
1263  60  30  30  40  30  40
1264  60  50  60  45  50  40
1265  60  50  50  45  40  40
1266  40  40  30  45  40  40
1267  40  50  30  60  40  60
1268  40  30  50  40  40  40
1269  40  60  60  50  30  60
1270  40  60  50  55  30  60
1271  40  40  30  50  40  40
1272  40  40  40  45  30  60
1273  60  60  50  45  60  60
1274  40  60  40  50  30  40
1276  40  40  40  45  40  40
1279  60  50  40  40  30  40
1281  40  50  40  35  30  40
1282  60  40  40  35  40  60
1283  60  50  40  65  30  40
1284  60  30  50  50  40  60
1285  60  60  30  45  50  60
1286  40  40  40  45  40  40
1287  60  40  30  55  40  60
1288  40  60  60  55  60  40
1290  80  40  50  45  40  60
1294  40  60  40  45  40  40
1295  40  30  40  50  60  40
1296  40  60  30  55  30  40
1297  40  40  70  40  60  60
1299  40  40  40  40  40  40
1303  40  50  30  60  50  60
1304  60  40  50  50  40  40
1305  40  50  60  40  40  60
1306  40  50  50  50  30  40
1308  60  40  30  45  50  80
1309  80  60  60  50  60  60
1311  40  40  40  40  50  80
1313  40  30  40  60  40  40
1314  60  40  30  55  60  60
1316  60  50  30  50  30  40
1317  40  40  40  45  40  60
1319  40  40  50  45  30  40
1320  40  40  50  55  30  60
1321  40  50  40  55  50  40
1322  40  50  50  45  40  60
1323  40  40  30  45  50  40
1324  60  30  70  35  40  40
1326  40  30  60  40  60  40
1327  40  30  50  40  60  40
1329  80  40  40  40  40  60
1330  60  40  50  45  50  40
1331  80  40  60  45  30  40
1332  80  30  40  55  30  80
1333  40  70  40  50  60  40
1334  40  40  40  45  50  40
1335  60  40  30  50  60  40
1336  60  40  50  45  40  40
1338  40  40  50  55  50  60
1339  60  50  30  65  40  40
1340  40  30  50  45  40  40
1341  40  30  40  40  50  80
1342  40  50  30  50  40  40
1344  40  40  50  45  40  40
1345  60  40  30  40  30  40
1348  60  40  50  45  50  60
1350  40  40  60  50  40  60
1352  40  50  50  55  40  80
1353  60  40  40  60  40  40
1354  60  40  60  40  50  60
1356  40  50  50  50  40  60
1357  40  40  40  45  40  40
1361  40  40  50  40  40  60
1362  60  30  40  40  40  40
1363  40  30  40  65  40  40
1365  60  60  30  45  50  80
1366  40  40  60  40  60  40
1367  40  50  50  50  50  60
1369  40  30  30  50  40  80
1370  40  40  40  55  40  40
1371  80  40  50  45  30  40
1372  60  40  30  55  60  60
1373  60  60  50  40  40  40
1374  60  50  40  60  30  40
1376  40  50  50  35  40  60
1377  60  60  50  50  30  60
1379  40  40  50  50  30  40
1380  40  60  40  40  40  40
1381  60  40  40  45  30  60
1382  60  60  30  45  30  60
1383  40  30  60  45  50  40
1384  40  40  50  50  50  40
1385  40  40  50  40  70  40
1389  40  50  30  50  40  40
1390  40  40  60  65  30  80
1391  40  50  30  55  30  60
1392  60  50  60  50  30 100
1393  40  50  50  45  40  60
1394  60  40  50  55  40  40
1395  60  40  60  45  50  60
1397  40  40  50  55  40  60
1398  40  40  30  40  40  40
1399  40  50  40  55  30  40
1400  60  50  50  45  50  60
1402  80  40  30  50  40  40
1403  80  50  40  45  50  60
1404  60  50  40  55  30  80
1405  40  30  40  60  60  40
1406  40  40  50  40  40  40
1407  40  50  50  50  50  40
1408  40  60  60  70  40  40
1410  40  30  60  65  50  40
1411  60  50  50  50  50  60
1412  40  50  40  40  50  80
1414  40  60  40  50  40  40
1418  40  30  40  50  40  40
1419  60  40  30  40  50  40
1420  40  40  40  50  30  40
1422  40  30  30  50  30  40
1423  60  50  60  60  50  60
1425  40  40  60  60  40  60
1427  40  40  30  50  50  80
1428  40  40  50  45  50  40
1431  40  40  30  55  40  60
1432  60  40  40  45  40  40
1433  40  50  40  55  40  40
1436  60  40  40  50  40  40
1437  60  40  60  60  40  60
1439  40  40  40  40  50  60
1440  60  30  40  50  50  60
1441  40  30  60  55  40  40
1443  60  50  40  60  30  40
1444  80  40  50  60  60  60
1447  40  50  40  40  40  40
1448  40  30  50  45  50  40
1449  40  30  60  40  50  40
1451  40  50  30  50  40  40
1452  40  40  30  45  50  60
1454  60  40  50  55  40  60
1456  80  40  40  45  30  60
1457  40  30  50  50  50  40
1458  60  40  30  60  30  60
1460  60  50  40  50  50  40
1462  60  40  40  50  40  60
1463  40  50  50  50  60  80
1464  60  30  50  45  50  40
1466  60  60  40  40  30  40
1470  60  50  40  50  30  40
1472  60  40  30  40  30  40
1475  60  60  40  40  30  60
1479  40  40  30  40  50  40
1480  40  60  50  55  60  60
1482  60  50  30  50  40  40
1483  60  50  30  45  40  40
1486  40  60  30  50  40  60
1488  40  30  70  55  60  40
1490  60  40  60  50  50  60
1491  40  30  40  45  40  60
1492  40  60  40  45  40  60
1493  40  40  40  50  50  60
1494  60  50  60  65  40  40
1496  60  30  40  55  30  40
1497  40  30  40  60  50  40
1498  40  50  40  55  40  60
1499  40  30  50  50  30  40
1500  40  40  30  40  40  60
1502  80  40  50  50  30  60
1504  60  40  30  40  30  40
1506  60  50  30  35  30  40
1507  40  40  50  60  30  60
1508  40  40  40  55  60  80
1509  60  40  50  50  30  80
1511  40  40  50  50  40  40
1512  60  40  30  45  50  40
1514  40  30  50  50  60  40
1515  40  40  50  65  40  60
1516  40  60  40  55  40  40
1518  40  40  30  45  40  60
1519  40  40  60  55  50  60
1520  40  30  30  45  40  40
1521  40  30  40  55  40  60
1522  60  50  40  50  40  40
1523  60  60  30  40  40  80
1526  60  30  60  45  40  40
1527  40  50  40  50  40  60
1529  40  40  50  55  30  40
1530  80  50  30  45  60  60
1533  40  40  50  45  40  60
1534  40  50  60  55  60  40
1536  40  60  40  80  40  60
1537  40  40  40  50  40  60
1538  40  40  30  45  40  80
1541  80  40  50  40  40  40
1543  60  40  40  45  40  40
1547  40  50  50  45  30  60
1548  40  60  50  45  40  60
1549  40  40  50  55  60  60
1551  80  60  40  40  40  40
1552  40  50  50  50  30  60
1553  40  30  50  40  60  40
1554  40  50  40  45  40  40
1556  40  50  30  45  60  60
1557  40  30  40  45  50  80
1558  60  40  40  50  40  80
1559  60  30  30  55  60  40
1560  80  30  40  45  40  40
1562  40  30  50  50  40  80
1563  40  30  50  40  30  40
1564  60  60  40  40  50  80
1565  40  40  30  45  40  60
1567  60  60  30  40  50  40
1568  60  40  40  70  40  40
1569  60  50  50  45  30  60
1570  40  40  30  50  40  60
1571  40  30  40  45  30  60
1572  60  30  40  40  40  40
1573  60  60  40  50  50  40
1574  40  40  40  40  40  60
1575  80  60  50  45  60  40
1576  40  50  60  35  30  80
1577  80  50  50  55  40  60
1578  40  50  50  40  40  40
1579  60  50  50  40  30  80
1580  60  40  60  55  30  60
1581  40  60  40  35  60  60
1582  60  40  60  40  50  40
1583  60  40  40  45  70  40
1584  60  40  40  50  50  40
1585  40  40  30  50  50  60
1586  60  60  50  40  30  80
1587  40  40  30  45  60  60
1588  60  50  40  50  40  60
1590  40  30  40  50  40  60
1591  60  40  50  55  40  40
1592  40  30  40  60  30  40
1595  40  50  60  55  40  40
1596  40  40  60  50  40  60
1597  80  60  30  55  60  40
1599  40  50  30  35  50  60
1600  40  60  30  55  40  60
1603  80  40  70  50  40  40
1604  60  40  50  45  50  40
1606  40  30  60  55  40  40
1609  40  30  60  35  60  40
1610  40  50  40  45  50  40
1611  60  60  50  50  30  60
1612  40  60  60  35  40  40
1613  40  40  40  45  40  40
1614  60  30  30  55  30  40
1615  60  50  40  45  40  60
1616  40  40  30  45  40  40
1617  80  40  60  60  60  60
1619  40  60  40  55  40  60
1621  40  50  70  45  50  40
1623  40  40  30  45  50  40
1624  60  50  50  45  50  40
1626  60  40  60  50  60  40
1627  40  50  40  50  50  40
1628  40  30  50  50  50  40
1629  40  40  30  50  80  40
1630  40  60  60  40  50  80
1632  40  40  50  45  50  80
1634  40  40  40  40  50  60
1635  60  60  30  50  30  40
1636  40  30  30  40  40  60
1638  60  30  40  55  50  40
1639  40  30  50  50  40  40
1640  60  30  50  40  50  40
1642  40  30  40  50  40  60
1644  40  40  40  55  30 100
1647  40  40  50  60  40  60
1649  40  30  40  45  40  60
1651  40  70  50  55  50  40
1653  60  40  40  40  40  80
1654  40  50  40  45  40  60
1657  40  30  40  50  50  60
1658  40  40  40  55  40  40
1660  60  50  40  50  30  40
1663  40  60  50  45  30  60
1664  80  60  60  45  40  40
1666  40  40  30  40  30  60
1667  80  40  60  55  30  60
1668  40  40  40  55  60  60
1672  40  30  50  50  40  40
1673  60  30  50  55  70  40
1674  60  50  50  40  30  40
1675  60  40  60  35  30  40
1676  60  30  60  40  50  60
1678  40  30  50  50  50  80
1682  40  60  30  70  40  60
1684  80  30  30  35  40  60
1685  40  70  40  50  40  60
1686  80  40  50  45  50  40
1687  60  60  40  40  60  40
1689  40  60  50  45  60  40
1691  80  40  40  45  40  40
1692 100  30  40  50  60  60
1693  40  50  60  40  40  80
1694  60  50  40  35  30  60
1695  40  30  50  45  70  80
1696  60  60  50  50  50  60
1698  60  60  60  40  40  60
1700  40  40  60  40  30  40
1701  60  60  50  45  60  40
1702  40  70  40  45  50  40
1703  60  40  40  55  40  60
1704  80  40  40  45  50  40
1706  60  40  40  40  40  40
1707  40  50  50  65  50  40
1708  80  50  40  55  60  40
1710  60  40  50  45  60  80
1712  40  30  40  55  60  40
1713  60  50  60  40  40  40
1715  80  30  40  40  40  40
1716  40  50  30  45  40  60
1718  60  40  30  45  30 100
1719  40  50  40  35  40  60
1720  60  70  50  45  40  60
1721  60  60  50  40  40  60
1722  80  50  40  45  60  40
1723  60  50  30  60  40  40
1725  40  40  40  50  40  40
1726  60  50  60  55  50  60
1728  80  30  40  50  40  40
1729  60  40  50  45  40  40
1730  40  40  30  60  60  40
1731  40  60  40  45  40  40
1732  80  60  50  60  50  40
1733  60  40  50  45  40  60
1734  60  50  60  50  30  60
1735  60  30  30  45  30  40
1736  60  50  40  55  30  60
1738  40  50  50  45  50  40
1739  40  50  40  60  30  60
1740  40  40  40  40  40  60
1743  40  50  30  55  40  40
1745  60  30  40  40  40  40
1746  40  50  40  50  40  40
1747  60  50  40  55  50  40
1748  80  40  30  40  40  80
1749  80  40  50  45  50  60
1750  40  40  40  40  30  60
1753  60  50  50  50  40  40
1754  60  50  60  45  40  40
1755  80  40  40  40  30  40
1757  60  30  60  40  70  40
1758  80  30  30  50  30  60
1759  60  50  40  55  30  40
1763  60  40  40  50  50  80
1764 100  40  70  50  50  40
1765  40  40  30  45  40  40
1766  60  50  40  55  40  60
1767  60  50  40  45  40  40
1768  40  30  30  45  50  60
1769  60  40  30  50  50  60
1771  60  40  50  45  60  80
1772  60  50  40  45  50  40
1774  40  50  30  40  30  60
1775  80  40  40  50  50  40
1776  60  60  50  45  50  60
1779  40  50  50  50  40  60
1781  60  40  40  40  40  80
1782  60  50  50  50  40  60
1783  60  40  40  45  30  60
1785  60  30  60  45  40  60
1788  60  30  30  45  30  60
1789  40  60  40  45  40  40
1790  60  40  50  55  50  40
1791  60  40  60  45  40  60
1792  60  60  50  40  60  40
1793  40  40  60  40  30  40
1795  60  40  40  45  40  80
1797  60  50  40  45  40  60
1798  60  40  60  45  30  40
1800  40  40  50  45  40  60
1801  60  30  60  50  50  40
1803  60  40  30  40  60  60
1804  60  60  40  40  40  40
1806  40  40  30  45  40  40
1807  40  50  40  35  40  40
1808  40  40  50  40  50  40
1810  80  40  40  45  40  40
1811  60  40  50  45  30  40
1812  40  40  50  45  60  60
1813  40  40  40  40  30  60
1814  40  40  30  45  40  40
1816  40  30  30  45  40  40
1817  80  50  40  35  40  80
1818  40  40  60  45  60  40
1821  40  60  60  35  40  60
1822  60  50  30  45  60  40
1823  60  40  70  60  40  40
1828  40  40  30  50  40  40
1829  60  40  60  40  40  40
1830  40  60  50  65  40  60
1832  40  50  40  40  50  40
1834  40  40  50  35  40  60
1836  60  30  60  45  40  60
1839  40  30  30  45  40  60
1840  80  40  30  35  40  60
1842  40  30  40  50  30  60
1844  40  40  30  45  50  80
1845  60  40  50  50  40  60
1846  60  50  40  45  60 100
1847  40  30  40  45  40  40
1848  60  60  30  45  50  60
1851  60  30  40  45  30  60
1852  40  60  30  55  50  40
1854  40  50  50  50  40  60
1855  60  60  40  45  60  40
1856  40  50  40  55  30  40
1858  80  30  30  55  40  40
1859  40  50  40  50  50  60
1860  40  40  40  45  40  60
1861  60  50  50  55  50  40
1862  40  40  60  60  40  60
1863  40  40  50  45  40  60
1864  40  30  40  50  60  60
1871  40  30  40  55  50  60
1873  60  60  50  55  50  40
1875  40  40  50  45  40  40
1876  40  40  40  50  50  40
1878  60  40  40  45  60  60
1879  60  60  40  65  40  40
1881  40  40  40  50  60  40
1883  40  40  60  40  40  60
1884  40  30  30  45  40  40
1885  60  40  50  45  30  40
1888  40  60  30  45  50  40
1890  40  30  50  40  70  60
1891  40  40  40  40  40  60
1895  40  30  50  50  30  40
1896  40  50  30  60  50  60
1897  40  30  50  50  60  40
1898  40  50  40  45  50  60
1899  40  70  40  45  40  60
1901  40  40  60  55  40  60
1904  60  60  30  50  60  40
1905  40  30  40  45  40  80
1907  40  40  40  35  60  40
1908  40  40  40  45  30  40
1909  60  50  40  65  40  60
1910  40  30  50  55  50  40
1911  40  60  30  45  50  40
1915  40  40  50  40  40  40
1917  40  30  70  40  40  40
1920  40  40  30  35  50  40
1921  60  50  50  40  50  40
1922  40  60  60  60  30  40
1926  40  60  50  55  50  40
1927  40  30  50  50  40  60
1928  40  40  40  50  60  60
1929  40  50  30  50  50  60
1930  40  30  70  60  40  60
1931  60  40  50  60  60  60
1932  60  60  50  35  50  60
1933  60  50  60  55  30  40
1936  40  50  40  45  50  80
1937  60  50  50  40  60  60
1939  60  50  60  55  40  80
1942  60  60  50  45  50  40
1943 100  50  30  55  30  60
1944  60  30  30  45  50  60
1945  40  50  40  50  40  40
1946  60  40  40  60  50  40
1947  40  30  40  45  30  40
1948  40  30  50  65  50  40
1949  80  50  40  35  30  60
1950  40  60  50  40  50  40
1954  60  40  30  35  60  40
1956  40  40  40  50  50  60
1957  40  40  40  60  30  80
1958  40  40  30  50  60  80
1960  40  40  40  50  70  40
1961  40  40  60  45  50  40
1962  60  60  30  50  40  60
1963  60  40  50  50  50  40
1964  60  30  50  40  50  40
1967  40  50  40  60  40  60
1968  40  30  50  50  30  40
1970  40  40  40  45  40  60
1971  40  30  40  50  30  40
1973  40  40  40  50  40  60
1974  60  40  40  65  60  40
1975  60  50  50  45  30  40
1976  60  60  60  45  40  40
1977  40  40  40  55  40  80
1978 100  40  30  45  50  40
1979  60  50  30  60  30  40
1980  40  30  50  40  40  60
1981  60  70  40  45  40  60
1982  40  30  30  55  50  60
1983  40  40  50  50  40  60
1984  40  30  50  65  50  40
1986  40  30  50  50  50  40
1987  40  30  50  45  30  40
1989  40  30  30  50  70  40
1990  60  40  30  40  40  60
1992  40  50  60  50  30  40
1993  60  70  30  45  60  60
1994  40  50  40  55  40  40
1996  60  60  30  40  40  60
1997  40  50  40  45  30  40
1999  40  50  40  40  50  60
5000 100  30  40  55  40  40
